29826324913229513433958933
49935343999888356468298629
52562218463135534364632853
31635813333838453488243634
85921533349494931189393324
41232348116213945545298835
93139993321283264433293214
62154229855635546344333853
98855363241136391582155999
24821443636584313361819631
82338918156949656323463534
13416635496615382488913848
65138592343522596823983336
35955512346826262831463931
36326353632182354198581339
13933325543141425483633682
13658929398365934335913434
94489593628338292982493918
92531933152454863529331938
42348319139835168338411335
64981634262355533936853439
15854655953522192546221446
85288261583944443356928394
98663256333913444398354342
13924534695931288492256299
92836633353993142593663524
95544563918435328133461283
38669534324311525268861633
41144333423361342815331333
43219592252325885342932568
82996185314623526545869666
63145859128883591123248634
93441933962654166313944893
63185119664355289853636532
34254993548811285484986122
31584625298834631639848389
39542133914433328589636192
34545829442914283633355824
24249162585962418865325934
38621933241225512663365914
85493323151536134598465123
18964852154138938995532355
33243591825134846313286393
61539122616256383535321816
46821432136199441244413531
98533261623433559221398998
38533483486132135512356338
16912859152496526613183497
94352351135233695233496842
59342542149552831123319654
94668325328966369861861433
92244495143235236362385264
14254569651463354581894123
25138365844938929683834514
63659854436643361423235538
83958525339916863323213291
95684252163418633635591334
69964953984946431323952131
68626315959533624583634221
15361829212839869853395693
36324338619843618456969326
94464954936632814292842485
18864366343854559886454441
33125216398312321233284441
43436653489264629133413196
36462561333825886453845432
65251181381911926186898323
59456896392946986534538881
66151211491349156843324863
59921381898334354612398459
48434931835526681311266395
55543999231413656228311933
38623555989698892543883996
42422862965643533611211988
38645361146155396143558232
51394931436356833114283419
41991143646641311424134381
23493894184986531321133854
33133819125443334232933291
83318355253939398298662183
34948611195296185316683222
63635632438418459955345389
45892383193949529633683335
31321134385463949365849394
38321434241649199328616491
33391339534689962214551115
22933142334615335119946915
28238319564635916964833663
34384519351639525852563152
48195149335335232341934635
64193995519435382653335636
61939311238385888432363183
65623432145531942834881652
35653894132463365683335638
33235262963362382483616219
39225514653939143425266536
23963331269828368933185869
44335398943632293224336466
32361135386312543552934335
31358396493555495563623449